[spectrum]
integration_time = 0.5
number_of_samples = 10

[direction]
x = 1.0
y = 0.0
z = 0.0
amplitude = 4.0
f = 0.015

[stage]
stepsize = 1.0
ip = 134.2.182.54
port = 50000
coord_mapping = xzyyzx

[searchmax]
sigma = 2.0
rasterdim = 15
rasterwidth = 2.0
integration_time = 0.5
zmult = 1

[camera]
exposure_time = 150

[spectrometer]
slit_width = 2500
centre_wavelength = 100

[cammarker]
x = 253.56053715407245
y = 579.223235655457

[slitmarker]
x = 129.0665998221172
y = 128.0

[autofocus]
min_ind_img = 968
max_ind_img = 1002

