[spectrum]
integration_time = 0.20000000000000004
number_of_samples = 20

[direction]
x = 0.5
y = 0.5
z = 0.0
amplitude = 1.5
f = 0.04

[stage]
stepsize = 0.1
ip = 134.2.182.54
port = 50000

[searchmax]
sigma = 1.0
rasterdim = 15
rasterwidth = 1.4999999999999996
integration_time = 0.1

[camera]
exposure_time = 200.0

[spectrometer]
slit_width = 50

[cammarker]
x = 828.976033186506
y = 995.3955232879092

[slitmarker]
x = 85.40347645702259
y = 128.0

