[spectrum]
integration_time = 0.5000000000000001
number_of_samples = 10

[direction]
x = 1.0
y = 0.0
z = 0.0
amplitude = 2.0
f = 0.02

[stage]
stepsize = 1.0
ip = 134.2.182.54
port = 50000

[searchmax]
sigma = 1.0
rasterdim = 12
rasterwidth = 1.2
integration_time = 0.1

[camera]
exposure_time = 300.0

[spectrometer]
slit_width = 50

[cammarker]
x = 1009.1673470704262
y = 935.782434298832

[slitmarker]
x = 87.91687017219056
y = 128.0

