[spectrum]
integration_time = 0.5
number_of_samples = 10

[direction]
x = 0.5
y = 0.5
z = 0.0
amplitude = 1.5
f = 0.04

[stage]
stepsize = 10.0
ip = 134.2.182.54
port = 50000

[searchmax]
sigma = 1.0
rasterdim = 15
rasterwidth = 1.4999999999999996
integration_time = 0.1

[camera]
exposure_time = 500.0

[spectrometer]
slit_width = 2500

[cammarker]
x = 720.2373042747366
y = 1044.4906303789082

[slitmarker]
x = 86.43797698136633
y = 128.0

