[spectrum]
integration_time = 0.1
number_of_samples = 10

[direction]
x = 0.5
y = 0.5
z = 0.0
amplitude = 2.5
f = 0.03

[stage]
stepsize = 0.1
ip = 134.2.182.54
port = 50000

[searchmax]
sigma = 1.0
rasterdim = 15
rasterwidth = 2.0000000000000004
integration_time = 0.1

[camera]
exposure_time = 200.0

[spectrometer]
slit_width = 10

[cammarker]
x = 811.9553896058203
y = 1004.4357020763315

[slitmarker]
x = 85.40347645702259
y = 128.0

