[spectrum]
integration_time = 30.0
number_of_samples = 3

[direction]
x = 1.0
y = 0.0
z = 0.0
amplitude = 4.0
f = 0.015

[stage]
stepsize = 0.1
ip = 134.2.182.54
port = 50000
coord_mapping = xzyyzx

[searchmax]
sigma = 1.4999999999999996
rasterdim = 20
rasterwidth = 1.4999999999999996
integration_time = 0.9999999999999999
zmult = 5

[camera]
exposure_time = 150.0

[spectrometer]
slit_width = 80
centre_wavelength = 700

[cammarker]
x = 367.682969513378
y = 479.6091246642389

[slitmarker]
x = 121.2624492290098
y = 128.0

[autofocus]
min_ind_img = 968
max_ind_img = 1002

