[spectrum]
integration_time = 0.10000000000000003
number_of_samples = 10

[direction]
x = 0.0
y = 0.0
z = 1.0
amplitude = 20.0
f = 0.015

[stage]
stepsize = 1.0
ip = 134.2.182.54
port = 50000
coord_mapping = xxyzzy

[searchmax]
sigma = 0.9999999999999999
rasterdim = 15
rasterwidth = 1.5000000000000004
integration_time = 0.3
zmult = 2

[camera]
exposure_time = 150.0

[spectrometer]
slit_width = 100
centre_wavelength = 700

[cammarker]
x = 359.1000326590653
y = 501.4130826404209

[slitmarker]
x = 107.5
y = 128.0

[autofocus]
min_ind_img = 979
max_ind_img = 1001
mode = zscan
zscan_centre = 600
zscan_width = 500

