[spectrum]
integration_time = 5.0
number_of_samples = 5

[direction]
x = 1.0
y = 0.0
z = 0.0
amplitude = 4.0
f = 0.015

[stage]
stepsize = 0.1
ip = 134.2.182.54
port = 50000
coord_mapping = xxyyzz

[searchmax]
sigma = 2.0
rasterdim = 20
rasterwidth = 1.4999999999999996
integration_time = 0.5
zmult = 1

[camera]
exposure_time = 150.0

[spectrometer]
slit_width = 150
centre_wavelength = 700

[cammarker]
x = 328.33888288446343
y = 369.4868532762497

[slitmarker]
x = 120.42629959536383
y = 128.0

[autofocus]
min_ind_img = 979
max_ind_img = 1003
mode = gausswidth
zscan_centre = 700
zscan_width = 1000

