[spectrum]
integration_time = 0.9999999999999999
number_of_samples = 7

[direction]
x = 1.0
y = 0.0
z = 0.0
amplitude = 0.55
f = 0.02

[stage]
stepsize = 0.1
ip = 134.2.182.54
port = 50000

[searchmax]
sigma = 1.0
rasterdim = 11
rasterwidth = 1.8
integration_time = 0.1

[camera]
exposure_time = 150.0

[spectrometer]
slit_width = 50
centre_wavelength = 700

[cammarker]
x = 678.7421160718665
y = 877.3775599622957

[slitmarker]
x = 125.47270202422803
y = 128.0

