[spectrum]
integration_time = 0.9999999999999997
number_of_samples = 400

[direction]
x = 1.0
y = 0.0
z = 0.0
amplitude = 4.0
f = 0.015

[stage]
stepsize = 1.0
ip = 134.2.182.54
port = 50000
coord_mapping = xxyyzz

[searchmax]
sigma = 2.0
rasterdim = 15
rasterwidth = 2.0
integration_time = 0.2
zmult = 4

[camera]
exposure_time = 100.0

[spectrometer]
slit_width = 100
centre_wavelength = 700

[cammarker]
x = 454.51767847882974
y = 622.6095582098332

[slitmarker]
x = 124.16655692733019
y = 128.0

[autofocus]
min_ind_img = 968
max_ind_img = 1002

