[spectrum]
integration_time = 1.0
number_of_samples = 5

[direction]
x = 1.0
y = 0.0
z = 0.0
amplitude = 0.8
f = 0.015

[stage]
stepsize = 10.0
ip = 134.2.182.54
port = 50000
coord_mapping = xxyyzz

[searchmax]
sigma = 1.4999999999999996
rasterdim = 15
rasterwidth = 1.4999999999999996
integration_time = 1.2000000000000002
zmult = 2

[camera]
exposure_time = 200

[spectrometer]
slit_width = 120
centre_wavelength = 700

[cammarker]
x = 357.42022966659846
y = 492.60905612193704

[slitmarker]
x = 107.5
y = 128.0

[autofocus]
min_ind_img = 990
max_ind_img = 1010
mode = gausswidth
zscan_centre = 700
zscan_width = 1000

