[spectrum]
integration_time = 0.1
number_of_samples = 100

[direction]
x = 1.0
y = 0.0
z = 0.0
amplitude = 5.0
f = 0.025

[stage]
stepsize = 0.1
ip = 134.2.182.54
port = 50000

[searchmax]
sigma = 1.0
rasterdim = 15
rasterwidth = 1.5000000000000004
integration_time = 0.1

[camera]
exposure_time = 5.0

[spectrometer]
slit_width = 50
centre_wavelength = 700

[cammarker]
x = 432.57488107578945
y = 603.1730222428067

[slitmarker]
x = 120.37858091650607
y = 128.0

