[spectrum]
integration_time = 0.9999999999999999
number_of_samples = 10

[direction]
x = 1.0
y = 0.0
z = 0.0
amplitude = 0.55
f = 0.02

[stage]
stepsize = 1.0
ip = 134.2.182.54
port = 50000

[searchmax]
sigma = 0.9999999999999992
rasterdim = 13
rasterwidth = 0.5
integration_time = 0.1

[camera]
exposure_time = 200.0

[spectrometer]
slit_width = 2500

[cammarker]
x = 730.5767614928277
y = 1124.733554191485

[slitmarker]
x = 125.75675607073654
y = 128.0

