[spectrum]
integration_time = 0.3
number_of_samples = 3

[direction]
x = 1.0
y = 0.0
z = 0.0
amplitude = 2.0
f = 0.02

[stage]
stepsize = 1.0
ip = 134.2.182.54
port = 50000

[searchmax]
sigma = 1.0
rasterdim = 12
rasterwidth = 1.2
integration_time = 0.1

[camera]
exposure_time = 300.0

[spectrometer]
slit_width = 50

[cammarker]
x = 811.9553896058203
y = 1004.4357020763315

[slitmarker]
x = 85.40347645702259
y = 128.0

