[spectrum]
integration_time = 3.6000000000000023
number_of_samples = 5

[direction]
x = 1.0
y = 0.0
z = 0.0
amplitude = 0.8
f = 0.015

[stage]
stepsize = 0.1
ip = 134.2.182.54
port = 50000
coord_mapping = xxyyzz

[searchmax]
sigma = 0.9999999999999997
rasterdim = 15
rasterwidth = 1.5000000000000002
integration_time = 0.30000000000000004
zmult = 2

[camera]
exposure_time = 101.0

[spectrometer]
slit_width = 100
centre_wavelength = 700

[cammarker]
x = 433.3109021971715
y = 495.833017204424

[slitmarker]
x = 110.5
y = 128.0

[autofocus]
min_ind_img = 990
max_ind_img = 1010
mode = zscan
zscan_centre = 700
zscan_width = 1000

