[spectrum]
integration_time = 0.20000000000000004
number_of_samples = 5

[direction]
x = 1.0
y = 0.0
z = 0.0
amplitude = 4.0
f = 0.015

[stage]
stepsize = 10.0
ip = 134.2.182.54
port = 50000
coord_mapping = xyyxzz

[searchmax]
sigma = 2.0
rasterdim = 20
rasterwidth = 1.5
integration_time = 0.5
zmult = 1

[camera]
exposure_time = 51.0

[spectrometer]
slit_width = 100
centre_wavelength = 700

[cammarker]
x = 518.4602398386272
y = 375.7130557703803

[slitmarker]
x = 105.66370292536931
y = 128.0

[autofocus]
min_ind_img = 920
max_ind_img = 1200

