[spectrum]
integration_time = 0.2
number_of_samples = 10

[direction]
x = 1.0
y = 0.0
z = 0.0
amplitude = 4.0
f = 0.015

[stage]
stepsize = 1.0
ip = 134.2.182.54
port = 50000

[searchmax]
sigma = 2.0
rasterdim = 100
rasterwidth = 1.4999999999999998
integration_time = 0.2
zmult = 3

[camera]
exposure_time = 100.0

[spectrometer]
slit_width = 100
centre_wavelength = 700

[cammarker]
x = 432.9699194371167
y = 621.6819662629229

[slitmarker]
x = 121.7279577584067
y = 128.0

[autofocus]
min_ind_img = 968
max_ind_img = 1002

