[spectrum]
integration_time = 0.30000000000000004
number_of_samples = 10

[direction]
x = 0.0
y = 0.0
z = 1.0
amplitude = 20.0
f = 0.015

[stage]
stepsize = 1.0
ip = 134.2.182.54
port = 50000
coord_mapping = xzyyzx

[searchmax]
sigma = 1.1999999999999997
rasterdim = 20
rasterwidth = 1.7000000000000002
integration_time = 0.30000000000000016
zmult = 5

[camera]
exposure_time = 150

[spectrometer]
slit_width = 100
centre_wavelength = 650

[cammarker]
x = 400.7909968233809
y = 376.7288798815248

[slitmarker]
x = 109.96709340325953
y = 128.0

[autofocus]
min_ind_img = 998
max_ind_img = 1018
mode = gauss
zscan_centre = 600
zscan_width = 10

