[spectrum]
integration_time = 0.2
number_of_samples = 20

[direction]
x = 1.0
y = 0.0
z = 0.0
amplitude = 0.55
f = 0.02

[stage]
stepsize = 1.0
ip = 134.2.182.54
port = 50000

[searchmax]
sigma = 0.9999999999999992
rasterdim = 10
rasterwidth = 0.9999999999999992
integration_time = 0.1

[camera]
exposure_time = 500

[spectrometer]
slit_width = 50

[cammarker]
x = 901.0281592555439
y = 1198.4018274712464

[slitmarker]
x = 125.46468684100513
y = 128.0

