[spectrum]
integration_time = 0.5
number_of_samples = 5

[direction]
x = 1.0
y = 0.0
z = 0.0
amplitude = 4.0
f = 0.015

[stage]
stepsize = 10.0
ip = 134.2.182.54
port = 50000
coord_mapping = xzyyzx

[searchmax]
sigma = 1.5
rasterdim = 15
rasterwidth = 1.7000000000000002
integration_time = 1.0
zmult = 7

[camera]
exposure_time = 50.0

[spectrometer]
slit_width = 50
centre_wavelength = 650

[cammarker]
x = 354.6169347512168
y = 508.6732171589648

[slitmarker]
x = 111.49787653174312
y = 128.0

[autofocus]
min_ind_img = 990
max_ind_img = 1010

