[spectrum]
integration_time = 10.0
number_of_samples = 3

[direction]
x = 1.0
y = 0.0
z = 0.0
amplitude = 4.0
f = 0.015

[stage]
stepsize = 1.0
ip = 134.2.182.54
port = 50000
coord_mapping = xxyyzz

[searchmax]
sigma = 2.000000000000001
rasterdim = 15
rasterwidth = 1.5
integration_time = 1.1500000000000001
zmult = 2

[camera]
exposure_time = 250

[spectrometer]
slit_width = 120
centre_wavelength = 700

[cammarker]
x = 334.35167708040046
y = 374.72896978545083

[slitmarker]
x = 110.52676802271802
y = 128.0

[autofocus]
min_ind_img = 990
max_ind_img = 1010
mode = zscan
zscan_centre = 700
zscan_width = 1000

