[spectrum]
integration_time = 0.9999999999999974
number_of_samples = 10

[direction]
x = 1.0
y = 0.0
z = 0.0
amplitude = 2.0
f = 0.02

[stage]
stepsize = 1.0
ip = 134.2.182.54
port = 50000

[searchmax]
sigma = 1.0
rasterdim = 20
rasterwidth = 1.0
integration_time = 200.0

[camera]
exposure_time = 100.0

[spectrometer]
slit_width = 100

[cammarker]
x = 918.4250701550526
y = 1047.8143666964766

[slitmarker]
x = 87.91687017219056
y = 128.0

