[spectrum]
integration_time = 0.1
number_of_samples = 200

[direction]
x = 1.0
y = 0.0
z = 0.0
amplitude = 4.0
f = 0.015

[stage]
stepsize = 1.0
ip = 134.2.182.54
port = 50000

[searchmax]
sigma = 2.0
rasterdim = 30
rasterwidth = 1.4999999999999998
integration_time = 0.10000000000000003
zmult = 3

[camera]
exposure_time = 30.0

[spectrometer]
slit_width = 500
centre_wavelength = 0

[cammarker]
x = 444.21185137749904
y = 613.4572861170465

[slitmarker]
x = 121.7279577584067
y = 128.0

[autofocus]
min_ind_img = 968
max_ind_img = 1002

