[spectrum]
integration_time = 2.4
number_of_samples = 5

[direction]
x = 1.0
y = 0.0
z = 0.0
amplitude = 4.0
f = 0.015

[stage]
stepsize = 0.1
ip = 134.2.182.54
port = 50000
coord_mapping = xxyyzz

[searchmax]
sigma = 2.0
rasterdim = 10
rasterwidth = 0.9999999999999997
integration_time = 0.1
zmult = 1

[camera]
exposure_time = 150.0

[spectrometer]
slit_width = 100
centre_wavelength = 700

[cammarker]
x = 385.0118916706181
y = 444.97521070949074

[slitmarker]
x = 122.67692561986321
y = 128.0

[autofocus]
min_ind_img = 968
max_ind_img = 1002

