[spectrum]
integration_time = 0.500000000000001
number_of_samples = 3

[direction]
x = 1.0
y = 0.0
z = 0.0
amplitude = 4.0
f = 0.015

[stage]
stepsize = 1.0
ip = 134.2.182.54
port = 50000
coord_mapping = xzyyzx

[searchmax]
sigma = 1.1999999999999997
rasterdim = 20
rasterwidth = 1.7000000000000002
integration_time = 0.30000000000000016
zmult = 5

[camera]
exposure_time = 150.0

[spectrometer]
slit_width = 100
centre_wavelength = 650

[cammarker]
x = 401.94418602508836
y = 393.03121671753183

[slitmarker]
x = 101.11647136284755
y = 128.0

[autofocus]
min_ind_img = 996
max_ind_img = 1016
mode = gauss
zscan_centre = 600
zscan_width = 10
