[spectrum]
integration_time = 5.0
number_of_samples = 5

[direction]
x = 1.0
y = 0.0
z = 0.0
amplitude = 4.0
f = 0.015

[stage]
stepsize = 1.0
ip = 134.2.182.54
port = 50000
coord_mapping = xzyyzx

[searchmax]
sigma = 1.5
rasterdim = 20
rasterwidth = 1.7000000000000002
integration_time = 0.5000000000000001
zmult = 3

[camera]
exposure_time = 150.0

[spectrometer]
slit_width = 30
centre_wavelength = 700

[cammarker]
x = 247.650985995127
y = 353.18640535111206

[slitmarker]
x = 119.20833014172821
y = 128.0

[autofocus]
min_ind_img = 968
max_ind_img = 1002

