[spectrum]
integration_time = 3.0000000000000013
number_of_samples = 3

[direction]
x = 1.0
y = 0.0
z = 0.0
amplitude = 4.0
f = 0.015

[stage]
stepsize = 1.0
ip = 134.2.182.54
port = 50000
coord_mapping = xxyyzz

[searchmax]
sigma = 2.0
rasterdim = 15
rasterwidth = 0.9999999999999997
integration_time = 0.20000000000000004
zmult = 1

[camera]
exposure_time = 150

[spectrometer]
slit_width = 50
centre_wavelength = 700

[cammarker]
x = 349.7095302489005
y = 437.40576730214684

[slitmarker]
x = 126.2646230826285
y = 128.0

[autofocus]
min_ind_img = 968
max_ind_img = 1002

