[spectrum]
integration_time = 0.2
number_of_samples = 400

[direction]
x = -1.0
y = 0.0
z = 0.0
amplitude = 0.55
f = 0.02

[stage]
stepsize = 0.1
ip = 134.2.182.54
port = 50000

[searchmax]
sigma = 0.9999999999999992
rasterdim = 20
rasterwidth = 0.9999999999999992
integration_time = 0.1

[camera]
exposure_time = 150.0

[spectrometer]
slit_width = 50

[cammarker]
x = 775.8390743741168
y = 1023.8873122086577

[slitmarker]
x = 129.0815815280163
y = 128.0

