[spectrum]
integration_time = 0.10000000000000014
number_of_samples = 100

[direction]
x = 1.0
y = 0.0
z = 0.0
amplitude = 2.2
f = 0.03

[stage]
stepsize = 0.1
ip = 134.2.182.54
port = 50000

[searchmax]
sigma = 2.000000000000001
rasterdim = 12
rasterwidth = 2.2000000000000006
integration_time = 0.1

[camera]
exposure_time = 150.0

[spectrometer]
slit_width = 100

[cammarker]
x = 724.817684040638
y = 936.1159352285664

[slitmarker]
x = 87.66742608753977
y = 128.0

