[spectrum]
integration_time = 3.0000000000000018
number_of_samples = 10

[direction]
x = 1.0
y = 0.0
z = 0.0
amplitude = 0.55
f = 0.02

[stage]
stepsize = 0.1
ip = 134.2.182.54
port = 50000

[searchmax]
sigma = 0.9999999999999992
rasterdim = 12
rasterwidth = 1.8000000000000003
integration_time = 0.1

[camera]
exposure_time = 300.0

[spectrometer]
slit_width = 50

[cammarker]
x = 726.5715636341021
y = 899.0768105618602

[slitmarker]
x = 125.47270202422803
y = 128.0

