[spectrum]
integration_time = 3.0000000000000018
number_of_samples = 10

[direction]
x = 1.0
y = 0.0
z = 0.0
amplitude = 0.55
f = 0.02

[stage]
stepsize = 1.0
ip = 134.2.182.54
port = 50000

[searchmax]
sigma = 0.9999999999999992
rasterdim = 13
rasterwidth = 0.5
integration_time = 0.1

[camera]
exposure_time = 200.0

[spectrometer]
slit_width = 100

[cammarker]
x = 744.6743726137863
y = 1104.6055579490267

[slitmarker]
x = 125.88955118339396
y = 128.0

