[spectrum]
integration_time = 5.0
number_of_samples = 1

[direction]
x = 1.0
y = 0.0
z = 0.0
amplitude = 4.0
f = 0.015

[stage]
stepsize = 1.0
ip = 134.2.182.54
port = 50000
coord_mapping = xzyyzx

[searchmax]
sigma = 1.5
rasterdim = 15
rasterwidth = 1.7000000000000002
integration_time = 0.09999999999999998
zmult = 7

[camera]
exposure_time = 200.0

[spectrometer]
slit_width = 500
centre_wavelength = 700

[cammarker]
x = 396.7452170593964
y = 539.3754779705129

[slitmarker]
x = 109.77270760031712
y = 128.0

[autofocus]
min_ind_img = 990
max_ind_img = 1010

