[spectrum]
integration_time = 1.0
number_of_samples = 10

[direction]
x = 1.0
y = 0.0
z = 0.0
amplitude = 4.0
f = 0.015

[stage]
stepsize = 1.0
ip = 134.2.182.54
port = 50000
coord_mapping = xxyyzz

[searchmax]
sigma = 2.0
rasterdim = 20
rasterwidth = 1.5
integration_time = 0.3
zmult = 1

[camera]
exposure_time = 150.0

[spectrometer]
slit_width = 200
centre_wavelength = 700

[cammarker]
x = 337.9770956877319
y = 382.57319018320993

[slitmarker]
x = 121.62729507145764
y = 128.0

[autofocus]
min_ind_img = 968
max_ind_img = 1002

