[spectrum]
integration_time = 5.0
number_of_samples = 3

[direction]
x = 0.0
y = 0.0
z = 1.0
amplitude = 20.0
f = 0.015

[stage]
stepsize = 1.0
ip = 134.2.182.54
port = 50000
coord_mapping = xxyyzz

[searchmax]
sigma = 1.1999999999999997
rasterdim = 15
rasterwidth = 1.9999999999999996
integration_time = 0.5
zmult = 2

[camera]
exposure_time = 200.0

[spectrometer]
slit_width = 90
centre_wavelength = 700

[cammarker]
x = 327.0698228044328
y = 349.17665636985004

[slitmarker]
x = 107.0
y = 128.0

[autofocus]
min_ind_img = 989
max_ind_img = 1011
mode = zscan
zscan_centre = 700
zscan_width = 1000

