[spectrum]
integration_time = 0.1
number_of_samples = 500

[direction]
x = 1.0
y = 0.0
z = 0.0
amplitude = 4.0
f = 0.015

[stage]
stepsize = 0.1
ip = 134.2.182.54
port = 50000

[searchmax]
sigma = 2.0
rasterdim = 15
rasterwidth = 2.0
integration_time = 0.2
zmult = 1

[camera]
exposure_time = 150.0

[spectrometer]
slit_width = 100
centre_wavelength = 700

[cammarker]
x = 240.88073537716883
y = 403.6759245857888

[slitmarker]
x = 124.16655692733019
y = 128.0

[autofocus]
min_ind_img = 968
max_ind_img = 1002

