[spectrum]
integration_time = 0.5
number_of_samples = 10

[direction]
x = 1.0
y = 0.0
z = 0.0
amplitude = 0.55
f = 0.02

[stage]
stepsize = 1.0
ip = 134.2.182.54
port = 50000

[searchmax]
sigma = 1.0
rasterdim = 13
rasterwidth = 1.7
integration_time = 0.15

[camera]
exposure_time = 100.0

[spectrometer]
slit_width = 70
centre_wavelength = 700

[cammarker]
x = 160.01305091750183
y = 391.5568434166377

[slitmarker]
x = 117.52849056715273
y = 128.0

