[spectrum]
integration_time = 0.9999999999999999
number_of_samples = 1

[direction]
x = 1.0
y = 0.0
z = 0.0
amplitude = 0.55
f = 0.02

[stage]
stepsize = 1.0
ip = 134.2.182.54
port = 50000

[searchmax]
sigma = 0.5
rasterdim = 13
rasterwidth = 1.5000000000000004
integration_time = 0.15

[camera]
exposure_time = 150.0

[spectrometer]
slit_width = 50
centre_wavelength = 700

[cammarker]
x = 173.75007351307602
y = 352.8972349604342

[slitmarker]
x = 117.52849056715273
y = 128.0

