[spectrum]
integration_time = 1.0
number_of_samples = 4

[direction]
x = 1.0
y = 0.0
z = 0.0
amplitude = 4.0
f = 0.015

[stage]
stepsize = 1.0
ip = 134.2.182.54
port = 50000
coord_mapping = xxyyzz

[searchmax]
sigma = 2.0
rasterdim = 15
rasterwidth = 1.6999999999999997
integration_time = 0.5000000000000001
zmult = 1

[camera]
exposure_time = 150.0

[spectrometer]
slit_width = 100
centre_wavelength = 700

[cammarker]
x = 444.451262276149
y = 608.6216883248516

[slitmarker]
x = 110.51304801863184
y = 128.0

[autofocus]
min_ind_img = 987
max_ind_img = 1011
mode = zscan
zscan_centre = 700
zscan_width = 1000

