[spectrum]
integration_time = 2.0
number_of_samples = 20

[direction]
x = 0.0
y = 0.0
z = 1.0
amplitude = 20.0
f = 0.015

[stage]
stepsize = 10.0
ip = 134.2.182.54
port = 50000
coord_mapping = xzyyzx

[searchmax]
sigma = 1.1999999999999997
rasterdim = 20
rasterwidth = 1.4999999999999998
integration_time = 0.3
zmult = 2

[camera]
exposure_time = 150.0

[spectrometer]
slit_width = 100
centre_wavelength = 650

[cammarker]
x = 364.00640777212897
y = 474.8812562287875

[slitmarker]
x = 111.06641094966693
y = 128.0

[autofocus]
min_ind_img = 979
max_ind_img = 1001
mode = gausswidth
zscan_centre = 600
zscan_width = 10

