[spectrum]
integration_time = 0.20000000000000004
number_of_samples = 100

[direction]
x = 1.0
y = 0.0
z = 0.0
amplitude = 4.0
f = 0.015

[stage]
stepsize = 0.1
ip = 134.2.182.54
port = 50000

[searchmax]
sigma = 2.0
rasterdim = 50
rasterwidth = 1.4999999999999998
integration_time = 0.1
zmult = 1

[camera]
exposure_time = 70.0

[spectrometer]
slit_width = 100
centre_wavelength = 700

[cammarker]
x = 430.78373168294644
y = 621.1093559585452

[slitmarker]
x = 121.7279577584067
y = 128.0

[autofocus]
min_ind_img = 968
max_ind_img = 1002

