[spectrum]
integration_time = 1.0
number_of_samples = 50

[direction]
x = 1.0
y = 0.0
z = 0.0
amplitude = 0.5
f = 0.02

[stage]
stepsize = 0.1
ip = 134.2.182.54
port = 50000

[searchmax]
sigma = 0.9999999999999992
rasterdim = 20
rasterwidth = 0.9999999999999992
integration_time = 0.1

[camera]
exposure_time = 150

[spectrometer]
slit_width = 10

[cammarker]
x = 737.2160169218904
y = 829.5814123963534

[slitmarker]
x = 87.66742608753977
y = 128.0

