[spectrum]
integration_time = 2.0000000000000004
number_of_samples = 5

[direction]
x = 1.0
y = 0.0
z = 0.0
amplitude = 4.0
f = 0.015

[stage]
stepsize = 1.0
ip = 134.2.182.54
port = 50000
coord_mapping = xzyyzx

[searchmax]
sigma = 1.5
rasterdim = 20
rasterwidth = 1.7000000000000002
integration_time = 0.1
zmult = 7

[camera]
exposure_time = 150.0

[spectrometer]
slit_width = 100
centre_wavelength = 700

[cammarker]
x = 503.3975573047246
y = 543.0972882261847

[slitmarker]
x = 121.63553284066312
y = 128.0

[autofocus]
min_ind_img = 968
max_ind_img = 1002

