[spectrum]
integration_time = 5.000000000000018
number_of_samples = 5

[direction]
x = 1.0
y = 0.0
z = 0.0
amplitude = 4.0
f = 0.015

[stage]
stepsize = 1.0
ip = 134.2.182.54
port = 50000
coord_mapping = xxyyzz

[searchmax]
sigma = 2.0
rasterdim = 11
rasterwidth = 1.9000000000000008
integration_time = 0.5000000000000001
zmult = 2

[camera]
exposure_time = 160.0

[spectrometer]
slit_width = 100
centre_wavelength = 700

[cammarker]
x = 369.66140414597197
y = 386.2753343012353

[slitmarker]
x = 110.87935581690982
y = 128.0

[autofocus]
min_ind_img = 970
max_ind_img = 1010

