[spectrum]
integration_time = 0.30000000000000004
number_of_samples = 5

[direction]
x = 1.0
y = 0.0
z = 0.0
amplitude = 4.0
f = 0.015

[stage]
stepsize = 0.1
ip = 134.2.182.54
port = 50000
coord_mapping = xyyxzz

[searchmax]
sigma = 2.0
rasterdim = 10
rasterwidth = 1.5
integration_time = 0.3
zmult = 3

[camera]
exposure_time = 20.0

[spectrometer]
slit_width = 100
centre_wavelength = 700

[cammarker]
x = 393.55942752509833
y = 430.19775611330414

[slitmarker]
x = 107.53968605779892
y = 128.0

[autofocus]
min_ind_img = 993
max_ind_img = 1013

