[spectrum]
integration_time = 3.0000000000000027
number_of_samples = 5

[direction]
x = 0.0
y = 0.0
z = 1.0
amplitude = 20.0
f = 0.015

[stage]
stepsize = 1.0
ip = 134.2.182.54
port = 50000
coord_mapping = xxyyzz

[searchmax]
sigma = 1.1999999999999997
rasterdim = 40
rasterwidth = 4.0
integration_time = 0.24999999999999997
zmult = 1

[camera]
exposure_time = 31.0

[spectrometer]
slit_width = 100
centre_wavelength = 700

[cammarker]
x = 330.0698427541647
y = 349.2135114453907

[slitmarker]
x = 108.36067346682927
y = 128.0

[autofocus]
min_ind_img = 987
max_ind_img = 1007
mode = gaussexport
zscan_centre = 700
zscan_width = 1000

