[spectrum]
integration_time = 0.10000000000000103
number_of_samples = 6

[direction]
x = 0.0
y = 0.0
z = 1.0
amplitude = 20.0
f = 0.015

[stage]
stepsize = 1.0
ip = 134.2.182.54
port = 50000
coord_mapping = xxyyzz

[searchmax]
sigma = 1.1999999999999997
rasterdim = 13
rasterwidth = 1.1999999999999997
integration_time = 0.8
zmult = 3

[camera]
exposure_time = 131.0

[spectrometer]
slit_width = 100
centre_wavelength = 700

[cammarker]
x = 433.75463195382235
y = 466.83120390635867

[slitmarker]
x = 111.0
y = 128.0

[autofocus]
min_ind_img = 989
max_ind_img = 1011
mode = zscan
zscan_centre = 700
zscan_width = 1000

