[spectrum]
integration_time = 0.5
number_of_samples = 200

[direction]
x = 1.0
y = 0.0
z = 0.0
amplitude = 4.0
f = 0.015

[stage]
stepsize = 0.1
ip = 134.2.182.54
port = 50000

[searchmax]
sigma = 2.0
rasterdim = 20
rasterwidth = 1.9999999999999996
integration_time = 0.5
zmult = 1

[camera]
exposure_time = 150.0

[spectrometer]
slit_width = 100
centre_wavelength = 700

[cammarker]
x = 423.17281192081657
y = 616.4097315975185

[slitmarker]
x = 121.7279577584067
y = 128.0

[autofocus]
min_ind_img = 968
max_ind_img = 1002

